76.25
76.25
76.25
76.25
76.25
76.25
76.25
76.25
76.25
76.25
76.25
76.25
76.25
76.25
76.25
76.25
76.25
76.25
76.25
76.25
76.25
76.25
76.25
76.25
76.25
76.25
76.25
76.25
76.25
76.25
76.25
76.25
76.25
76.25
76.25
76.25
76.25
76.25
76.25
76.25
76.25
76.25
76.25
76.25
76.25
76.25
76.25
76.25
76.25
76.25
76.25
76.25
76.25
76.25
76.25
76.25
76.25
76.25
76.25
76.25
76.25
76.25
76.25
76.25
76.25
76.25
76.25
76.25
76.25
76.25
76.25
76.25
76.25
76.25
76.25
76.25
76.25
76.25
76.25
76.25
76.25
76.25
76.25
76.25
76.25
76.25
-9.00
-13.75
-19.00
-23.75
-26.25
-31.50	
-34.00
-39.00	
-41.50
-46.25	
-49.00
-51.50
-56.50
-61.75	
-64.00
-66.50
-71.50
-76.50	
-79.25
-81.50
-86.50
-88.75
-93.75
-96.50
-101.25
-98.75
-93.75
-88.75	
-86.25
-81.25	
-78.75
-76.00
-71.00
-66.00
-63.50
-58.75
-56.00
-51.25
-48.75
-43.75
-41.25
-36.00
-33.75
-28.75
-24.00	
-21.50
-16.50
-14.00
-9.00
-6.50
-1.75
1.00
6.00
8.50
13.75
16.25
21.25
23.75
28.50	
31.25
36.25
38.50
43.75
46.00
51.25
53.75
58.75
61.50
66.25
68.75
73.75
76.25
81.25
86.25	
88.75
93.75
96.25
101.25
98.75
93.75
91.25
86.25
83.50
78.75
76.25
71.25
68.75
63.50
61.25
56.25
51.25	
48.75
43.50	
41.00
36.25	
33.75
29.00
26.25
21.25
18.75
13.50
11.25
6.00
3.50
-1.50
-6.75
-9.00
-14.25
-16.75
-21.75
-24.50
-29.25
-31.75
-36.75
-39.25
-44.25
-46.75
-51.50
-54.25
-59.25
-61.75
-66.75
-69.00
-74.25
-76.75
-82.00
-84.50
-89.25
-92.00
-97.00
-99.50
-100.00
-97.50
-92.25
-87.25	
-84.75
-79.75	
-77.25
-72.00
-69.50
-64.75
-62.00
-57.00
-54.25
-49.25
-47.00
-41.75
-39.25
-34.00
-31.50
-26.75
-24.00
-19.25
-16.75
-11.75
-9.25
-4.25
-1.75
3.25
6.00
11.00
13.50
18.75
23.75	
26.25
31.25
34.00
39.00
41.50
46.50
49.00
54.00
56.50
61.50
64.25
69.00
74.25	
76.50
81.50
84.25
86.75
91.75
94.25
99.25
101.75
96.50
94.00
89.00
86.50
81.75
79.25
74.25
69.00
66.75
61.50
59.25
54.25
51.50
46.50
44.00
39.00
36.50
31.50
26.50	
24.00
18.75	
16.50
11.25
9.00
4.00
1.50
-3.50
-6.00
-11.25
-13.75
-18.75
-21.00
-26.25
-28.50
-33.50
-36.25
-41.00
-43.50
-48.50
-51.00
-56.25
-58.75
-63.50
-66.25
-71.00
-73.50
-78.75
-81.00
-86.25
-91.00	
-93.50
-98.75	
-101.25
-96.50
-91.50	
-88.75
-86.50
-81.50
-79.00
-74.00
-71.50
-66.25
-63.75
-58.75
-56.25
-51.25
-48.50
-43.75
-41.25
-36.00
-33.50
-28.25
-26.00
-21.00
-18.50
-13.50
-11.00
-6.25
-1.25	
1.25
6.25
9.00
13.75
16.25
21.50
24.00
29.00
31.50
36.25
39.00
44.00
49.25	
51.75
56.50
59.25
64.00
66.50
71.75
74.25
79.25
81.75
84.25
89.50
92.00
97.00
102.00	
99.75
94.50	
92.00
86.75
84.25
79.50
76.75
72.00
69.50
64.25
61.75
56.75
54.25
49.50
44.25	
41.75
36.50	
34.00
29.25	
26.50
21.75
19.00
14.00
11.50
6.25
3.75
-1.50
-4.00
-8.75
-11.50
-16.25
-18.75
-24.00
-26.50
-31.50
-34.00
-38.75
-41.50
-46.50
-49.00
-54.25
-59.00	
-61.75
-66.75	
-69.25
-74.00	
-76.50
-81.50
-84.00
-89.25
-91.50
-96.50
-99.00
-99.00
-93.75	
-91.25
-88.75
-83.75
-78.75	
-76.25
-73.50
-68.75
-66.25
-61.00
-58.50
-53.25
-51.00
-46.00
-43.75
-38.75
-33.75	
-31.25
-26.25	
-23.75
-18.75	
-16.25
-11.25
-9.00
-3.75
-1.50
3.75
6.00
11.00
13.50
18.50
23.50	
26.00
31.00	
33.75
38.50	
41.00
46.00
48.50
53.50
56.00
61.25
63.50
68.50
71.00
76.00
78.50
83.75
86.25
91.25
93.75
98.50
101.25
96.50
94.00
89.00
86.50
81.25
76.25	
73.75
68.75	
66.25
61.25	
58.75
53.75
51.25
46.50
43.75
39.00
36.50
31.25
28.75
23.50
21.25
16.25
13.75
8.75
6.25
1.00
-1.25
-6.50
-8.75
-13.75
-16.25
-21.25
-23.75
-29.00
-33.75	
-36.50
-41.25	
-44.00
-49.00	
-51.50
-56.75
-59.00
-64.25	
-66.75
-71.75
-74.50
-79.25
-81.75
-86.75
-89.25
-94.25
-99.25	
-101.50
-96.25	
-93.75
-88.75
-86.25
-81.50
-78.75
-76.25
-71.25
-68.75
-64.00
-58.75	
-56.50
-51.25	
-49.00
-44.00	
-41.25
-36.50
-34.00
-29.00
-26.50
-21.25
-18.75
-14.00
-8.75	
-6.50
-1.25	
1.00
6.00	
8.50
13.50	
15.75
20.75
23.00
28.25
30.75
36.00
38.50
43.25
46.00
50.75
53.25
58.25
60.75
65.75
68.25
73.25
76.00
81.00
83.25
88.50
90.75
96.00
98.50
98.50
93.75	
91.25
86.00	
83.50
78.25	
76.00
71.00
68.50
63.50
61.25
56.00
51.25	
48.50
43.75	
41.25
38.50
33.75
31.25
26.25
23.75
18.75
16.25
11.25
8.50
3.75
1.25
-3.50
-8.75	
-11.00
-16.00	
-18.50
-23.50	
-26.00
-31.25
-33.75
-38.75
-41.25
-46.00
-48.75
-53.75
-56.25
-61.25
-66.25	
-69.00
-74.00	
-76.50
-81.50
-84.00
-89.00
-91.50
-96.25
-98.75
-99.00
-96.25
-91.25
-89.00
-83.75
-81.50
-76.25
-73.75
-69.00	
-66.25
-61.50	
-59.00
-53.75
-51.25
-46.25
-43.75
-38.75
-36.25
-31.25
-26.25	
-23.75
-18.75	
-16.25
-11.50
-8.75
-4.00
-1.50
3.50
6.00
11.25
13.75
18.50
21.25
26.00
28.50
33.75
36.00
41.25
43.50
48.50
51.25
56.25
58.75
63.75
66.25
71.25
73.75
78.75
83.75	
86.00
91.25	
93.75
99.00
101.50
96.75
94.00
89.00
86.50
81.50
79.00
74.00
71.50
66.75
61.50	
59.00
53.75	
51.25
46.50	
43.75
41.50
36.25
33.75
28.75
26.00
21.25
18.75
13.75
8.75	
6.00
1.25	
-1.25
-6.25	
-8.75
-13.75
-16.25
-21.00
-23.75
-28.75
-31.00
-36.25
-41.00	
-43.75
-48.75	
-51.25
-56.00	
-58.50
-63.50
-66.00
-71.25
-73.50
-78.50
-81.00
-86.00
-88.50
-93.75
-96.25
-101.25
-98.75
-93.75
-91.00
-86.25
-83.75
-78.50
-76.00
-70.75
-68.50
-63.50
-61.25
-56.25
-51.25	
-48.75
-43.75	
-41.25
-36.25	
-33.75
-28.75
-26.50
-21.25
-18.75
-13.75
-11.25
-6.50
-3.75
1.00
6.00	
8.50
11.00
16.25
18.75
23.50
26.25
31.00
33.50
38.50
41.00
46.00
51.00	
53.50
58.50	
61.00
66.25	
68.75
73.75	
76.25
81.25	
84.00
88.75
91.25
96.25
98.75
98.50
93.75	
91.25
86.25	
83.75
78.50	
76.00
71.25	
68.75
64.00
61.25
56.25
53.75
48.50
46.25
43.75
38.75
33.75	
31.00
26.00	
23.50
18.50	
16.00
11.00	
8.50
3.75
1.00
-3.75
-6.25
-11.50
-14.00
-19.25
-24.00	
-26.75
-31.75	
-34.25
-39.50	
-41.75
-47.00	
-49.25
-54.25
-57.00
-62.00
-64.50
-69.50
-72.00
-77.25
-79.75
-84.50
-87.25
-92.00
-94.50
-99.75
-102.00
-96.75
-94.50
-89.25
-86.75
-82.00
-77.00	
-74.50
-69.25	
-67.00
-62.00	
-59.50
-54.50	
-52.00
-46.75
-44.25
-39.25
-36.75
-31.75
-26.50	
-24.25
-19.00	
-16.50
-11.50	
-8.75
-3.75	
-1.00
4.00	
6.25
11.50
13.75
16.25
21.50
26.50	
29.25
34.00	
36.50
41.50	
44.00
49.25	
51.75
56.50	
59.25
64.00
66.50
71.75
74.00
79.25
81.50
86.50
89.00
94.00
99.00	
101.50
96.50	
94.00
89.00	
86.25
81.25
79.00
73.75
71.50
66.25
63.75
58.75
56.00
51.25
48.75
43.75
41.25
36.00
33.50
28.75
26.00
21.25
18.75
13.75
11.25
6.00
1.00	
-1.50
-6.50	
-8.75
-14.00	
-16.25
-21.50	
-24.00
-29.00
-31.75
-36.50
-39.00
-44.00
-49.00	
-51.75
-56.75	
-59.00
-64.25	
-66.75
-72.00	
-74.50
-76.75
-81.75
-84.00
-89.25
-91.75
-96.50
-99.25
-99.00
-93.75	
-91.50
-86.50	
-84.00
-79.00	
-76.50
-71.25
-68.75
-63.75
-61.25
-56.25
-53.50
-48.75
-46.25
-41.00
-36.00	
-33.50
-28.75	
-26.00
-21.25
-18.75
-13.75
-11.25
-6.25
-3.75
1.00
3.75
8.75
11.25
16.50
19.00
24.00
26.50
31.25	
34.00
39.00
41.50
46.75
49.00
54.25
59.00	
61.75
64.25
69.00
74.00	
76.50
81.75	
84.25
89.25	
91.75
96.75
99.00
99.25
96.75
91.75
89.25
84.50
81.75
76.75
74.25
69.25
66.75
61.75
59.25
54.00
51.50
46.50
44.00
39.00
36.75
31.50
26.50	
23.75
19.00	
16.50
11.50	
9.00
4.00	
1.50
-3.50
-6.25
-11.25
-13.75
-19.00
-24.00	
-26.50
-31.50	
-33.75
-39.00	
-41.50
-46.25	
-48.75
-53.75	
-56.25
-61.25
-64.00
-68.75
-71.25
-76.25
-78.75
-84.00	
-86.25
-91.25	
-93.75
-98.75	
-101.25
-96.25
-93.75
-88.75
-86.25
-81.50
-78.75
-74.00
-71.50
-66.50
-61.50	
-59.00
-54.25	
-51.50
-46.75	
-44.25
-39.25	
-36.75
-31.50
-29.25
-24.25
-21.75
-16.75
-14.25
-9.00
-6.50
-1.25
1.25
6.25
8.75
13.75
16.00
21.25
23.75
28.50
31.00
36.00
38.50
43.50
48.75	
51.00
56.25	
58.50
63.50
66.25
71.25	
73.75
78.75
81.25
86.25
88.75
93.50
98.75	
101.00
98.50
93.25
91.00
86.00
83.75
78.50
76.25
71.25
68.50
63.75
61.25
56.25
53.75
48.50
46.00
41.25
36.00	
33.75
28.50	
26.00
21.00
18.25
13.50
11.00
6.00
3.50
-1.75
-4.25
-9.50
-14.25	
-16.75
-22.00	
-24.50
-29.50	
-32.00
-36.75
-39.50
-44.50
-46.75
-52.00
-54.25
-59.50
-62.00
-67.00
-69.75
-74.50
-77.00
-82.00
-84.50
-89.50	
-92.00
-96.75
-99.25
-99.25
-96.75
-91.75
-86.75	
-84.25
-79.50	
-76.75
-72.00	
-69.50
-64.25	
-62.00
-56.75
-54.50
-49.50
-46.75
-41.75
-39.25
-34.25
-31.75
-26.50
-24.00
-19.25
-16.75
-11.75
-9.00
-4.00
-1.50
3.50
6.00
11.00
16.00	
18.25
21.00
26.00
31.25	
33.75
38.50	
41.25
46.00	
48.50
53.50
56.00
61.00
63.50
68.50
73.75	
76.25
81.00	
83.50
88.50	
91.00
96.00	
98.75
101.25
96.50
93.75
88.75
86.25
81.25
78.75
73.75
68.75	
66.25
61.00	
58.50
53.50
51.00
46.25	
43.50
38.50
36.00
31.00
25.75	
23.50
21.00
16.00
13.50
8.50
5.75
1.00
-4.25	
-6.50
-11.50	
-14.00
-19.00
-21.25
-26.50
-29.00
-34.25
-36.75
-41.50
-44.25
-49.00
-51.50
-56.50
-59.00
-63.75
-66.25
-71.50
-74.00
-79.00
-81.50
-86.50
-88.75
-94.00
-98.75	
-101.50
-96.75	
-94.25
-89.00	
-86.75
-81.50
-79.25
-74.25
-71.50
-66.75
-61.75	
-59.25
-56.75
-52.00
-49.50
-44.50
-42.00
-37.00
-34.25
-29.25
-27.00
-21.75
-19.25
-14.00
-11.50
-6.75
-4.00
0.75
6.00	
8.50
13.25	
16.00
20.75	
23.25
28.25
30.75
36.00
38.50
43.75
46.00
51.00
56.00	
58.50
63.75	
66.25
71.00	
73.75
78.50
81.00
86.25
88.50
93.75
96.00
101.00
98.25
93.25
90.75
85.75	
83.25
78.25	
75.75
70.75	
68.25
63.50
60.75
56.00
53.50
48.25
45.75
40.50
35.75	
33.25
30.75
25.75
20.75	
18.25
13.50	
10.75
6.00
3.50
-1.50
-4.00
-9.25
-11.75
-16.50
-19.25
-24.00
-26.50
-31.50
-34.00
-39.25
-41.50
-46.75
-49.00
-54.00
-56.75
-61.50
-64.00
-69.00
-74.00	
-76.75
-81.75	
-84.00
-89.25	
-91.50
-96.75
-99.25
-99.00	
-96.25
-91.50
-89.00
-84.25
-81.75
-76.75
-74.25
-69.00
-64.25	
-61.75
-59.25
-54.25
-51.75
-46.75
-44.25
-39.25
-36.75
-32.00
-26.75	
-24.50
-19.25	
-16.75
-11.75	
-9.00
-4.25	
-1.75
3.50	
6.00
11.00
13.25
18.50
23.25	
25.75
30.75	
33.25
38.50	
41.00
46.00	
48.50
53.50	
55.75
61.00
63.50
68.75
71.25
76.00
78.75
83.50
86.00
91.25
93.75
98.50
101.00
95.75
93.25
88.25	
85.75
80.75	
78.50
73.25
68.25	
65.50
60.75	
58.25
53.25	
50.75
45.50	
43.00
38.00	
35.50
30.50	
28.25
23.00
20.50
15.25
12.75
7.75
3.00	
0.50
-4.75	
-7.25
-12.25	
-14.75
-17.25
-22.50
-25.00
-29.75
-32.50
-37.25
-39.75
-44.75
-47.25
-52.25
-54.75
-59.75
-65.00	
-67.50
-72.50	
-75.00
-80.00
-82.50
-87.25
-90.00
-94.75
-100.00	
-97.50
-95.25
-90.00
-85.25	
-82.75
-77.75	
-75.25
-70.25	
-67.75
-62.75	
-60.25
-55.25
-53.00
-50.25
-45.25
-40.25	
-37.75
-33.00	
-30.50
-25.50	
-22.75
-18.00	
-15.50
-10.25
-7.75
-2.50
-0.00
4.75
7.50
12.25
14.75
20.00
25.00	
27.75
32.50	
35.00
40.00	
42.50
47.75	
50.25
55.00
57.75
62.50
65.00
70.00
72.50
77.75
80.00
85.25
87.50
92.50
95.25
100.00
100.00	
97.50
95.00
90.00
87.50
82.75
77.50	
75.00
69.75	
67.25
62.50	
59.75
55.00	
52.50
47.75
45.25
40.25
37.75
32.75
27.75	
25.25
20.00	
17.50
15.25
10.00
5.25	
2.50
-2.50
-5.00
-10.25
-12.75
-15.25
-20.50
-25.25	
-28.00
-32.75	
-35.25
-40.25	
-42.75
-47.50	
-50.00
-55.25	
-57.75
-62.75
-65.25
-70.25
-72.75
-78.00
-80.50
-85.50
-90.25	
-92.75
-98.00	
-100.50
-95.25	
-93.00
-88.00
-85.25
-80.25
-77.75
-72.75
-70.25
-65.50
-63.00
-58.00	
-55.50
-50.50	
-47.75
-42.75	
-40.50
-35.25	
-32.75
-27.50
-25.00
-20.25
-17.50
-12.75
-10.25
-5.25
-0.25	
2.50
7.25	
9.75
14.75	
17.25
22.50
25.00
30.25
32.50
37.50
40.00
45.00
47.50
52.50
55.00
60.00
62.50
67.50
70.25
75.00
77.50
82.50
85.00
90.25
92.75
97.75
100.25
95.25
90.00	
87.50
82.75	
80.25
75.50	
72.75
67.75
65.25
60.00
57.75
52.50
50.25
45.25
40.00	
37.50
32.50	
30.00
25.25	
22.50
17.50
15.00
9.75	
7.25
2.25
-0.25
-5.00
-7.75
-12.50
-15.00
-19.75	
-22.25
-27.50	
-29.75
-35.00
-37.25
-42.25
-45.00
-50.00
-52.50
-57.50
-60.00
-65.00
-70.00	
-72.25
-77.50	
-79.75
-85.00	
-87.50
-92.50	
-95.25
-100.00	
-97.50
-92.50
-90.00
-85.00
-82.50
-77.50
-75.00
-70.00
-67.50
-62.50
-60.25
-55.00
-52.50
-47.25
-44.75
-40.00
-37.25
-32.25
-29.75
-24.75
-19.75	
-17.00
-12.00	
-9.50
-4.25	
-1.75
3.25
5.50
10.75
13.00
18.00
20.75
25.75
28.25
33.25
38.00	
40.75
45.75	
48.00
50.75
55.50
58.00
63.25
65.75
71.00
73.25
78.25
80.75
85.75
88.25
93.00
98.00
100.50
95.50	
92.75
87.75	
85.50
80.25
78.00
72.75
70.25
65.25
60.25	
57.75
52.75	
50.25
45.25	
42.50
37.50	
35.25
30.00
27.75
22.50
20.00
14.75
12.25
7.50
4.75
-0.00
-2.50
-7.75
-10.00
-15.25
-17.75
-22.50
-25.25
-30.00
-32.50
-37.75
-40.25
-45.25
-50.25	
-52.50
-57.75	
-60.25
-65.25	
-67.75
-72.50	
-75.00
-80.00
-82.75
-87.50	
-90.00
-95.25
-97.75
-97.50
-95.25
-90.25
-87.50
-82.50
-80.00
-75.00
-72.50
-67.50
-62.50	
-60.25
-57.50
-52.75
-50.25
-45.00
-40.25	
-37.75
-33.00	
-30.25
-25.50	
-23.00
-18.00	
-15.50
-10.25	
-7.75
-2.75
-0.00
4.75
7.25
12.25
14.75
20.00
25.00	
27.50
32.50	
35.00
40.00
42.50
47.50
50.25
52.75
57.50
60.00
64.75
70.00	
72.50
77.75	
80.00
85.00	
87.50
92.50	
95.00
100.25
97.75
92.75
90.25
85.25
82.50
77.75
72.50	
70.25
67.75
62.50
60.00
55.00
50.25
47.75
43.00
40.50
35.25
32.75
28.00
25.25
20.50
18.00
12.75
10.25
5.00
2.50
-2.25
-5.00
-9.75
-12.25
-17.25
-19.75
-25.00
-30.00	
-32.50
-37.50	
-40.00
-45.00	
-47.50
-52.75	
-55.25
-60.00	
-62.75
-67.75
-70.25
-75.50
-77.75
-83.00
-85.25
-90.25
-95.25	
-97.75
-100.25
-95.25
-92.75
-87.75
-85.25
-80.50
-77.75
-72.75
-70.50
-65.25
-63.00
-57.75
-53.00	
-50.25
-45.50	
-43.00
-37.75	
-35.50
-30.25	
-28.00
-23.00
-20.25
-15.25
-12.75
-7.75
-5.25
-0.25
4.50	
7.00
12.25	
14.75
19.75	
22.25
27.00
29.50
34.50
37.25
42.25
44.50
49.75
52.25
57.50	
60.00
64.75	
67.50
72.25	
74.75
80.00
82.50
87.50
90.00
94.75
97.50
102.50
100.25
95.00
90.00	
87.50
82.75	
80.00
75.25
72.75
67.50
65.00
59.75
57.50
52.50
50.00
45.00
42.75
37.50
35.00
29.75
27.25
22.50
19.75
15.00
12.50
7.25
4.75
-0.25
-2.75
-7.50
-12.25	
-14.75
-19.75	
-22.25
-27.50	
-30.00
-35.00
-37.50
-42.50	
-44.75
-50.00
-52.50
-57.50
-62.25	
-64.75
-70.00	
-72.50
-77.75	
-80.00
-85.00	
-87.50
-92.50
-95.00
-97.75
-97.75
-93.00	
-90.50
-88.00
-82.75
-78.00	
-75.25
-70.25	
-67.75
-62.50	
-60.25
-55.00	
-52.50
-47.50
-44.75
-40.00
-37.50
-32.50
-30.00
-25.00
-20.00	
-17.75
-12.50	
-10.00
-5.00	
-2.50
2.75	
5.00
10.00
12.50
17.50
19.75
25.00
27.50
32.50
35.00
39.75
42.50
47.50
50.00
55.00
57.50
62.50
65.00
70.00
72.75
77.75
80.00
85.25
90.25	
92.75
97.50	
100.25
95.50
93.00
87.75	
85.25
80.00	
77.75
72.75
70.25
65.25
62.75
57.75
55.25
50.25
47.75
42.75
40.00
35.25
32.75
27.75
25.25
20.00
15.00	
12.25
10.00
5.00
-0.25	
-2.50
-7.75	
-10.00
-15.00	
-17.75
-22.75	
-25.25
-30.25	
-32.75
-37.75
-40.25
-45.00
-47.75
-52.50
-57.75	
-60.25
-65.25	
-67.75
-72.50	
-75.25
-80.25
-82.75
-87.75
-90.25
-95.25
-97.75
-97.75
-95.25
-90.25	
-87.75
-82.50	
-80.00
-75.00	
-72.50
-70.25
-65.00
-60.25
-57.75
-52.75
-47.75	
-45.25
-43.00
-37.75
-35.50
-30.50
-25.25	
-22.75
-17.75	
-15.25
-10.25
-7.50
-2.50
-0.00
5.00
7.50
12.50
15.00
20.00
22.75
27.75
30.00
35.25
37.50
42.75
45.25
50.25
52.75
57.50
62.50	
65.00
67.50
72.50
77.50	
80.00
85.00	
87.50
92.75
95.25
100.25
97.75
92.75
90.00
85.25
82.75
77.75
75.25
70.00
67.50
62.50
60.25
55.25
53.00
48.00
45.50
40.25
37.75
32.75
28.00	
25.50
20.25	
17.75
12.50	
10.25
5.25	
2.50
-2.50	
-5.00
-10.00
-12.50
-17.75
-20.25
-25.25
-27.75
-32.75
-38.00	
-40.50
-45.50	
-48.00
-52.75	
-55.50
-60.50	
-63.00
-68.25
-70.50
-75.75
-78.00
-83.00
-85.75
-90.50
-93.00
-98.00
-100.50
-95.25
-92.75
-88.00	
-85.25
-80.25
-77.75
-72.50
-70.25
-65.00
-60.00	
-57.25
-52.50	
-50.00
-45.00	
-42.50
-37.25	
-35.00
-30.00	
-27.50
-22.50	
-20.00
-14.75
-12.25
-7.25
-4.75
-0.00
2.75
7.50
10.00
15.00
17.50
22.25
24.75
30.00
32.50
37.25
40.00
44.75
47.25
52.50
57.50	
60.25
65.00	
67.50
72.50	
75.00
80.25	
82.75
87.50
90.25
95.00
97.50
97.75
93.00	
90.50
85.75	
83.00
78.00	
75.50
70.50	
68.00
63.00
60.50
58.00
52.75
50.25
45.50
42.75
38.00
35.50
30.25
25.25
22.50
17.75	
15.25
10.25
7.75
2.75
0.25
-4.50
-7.00
-12.00
-14.75
-19.75
-24.75	
-27.25
-32.25	
-35.00
-40.00	
-42.25
-47.50
-49.75
-55.00
-57.50
-62.25
-65.00
-69.75
-72.25
-77.50
-80.00
-85.00
-87.50
-92.25
-95.00
-100.00
-97.75
-92.75
-90.50
-85.25
-82.75
-77.75
-73.00	
-70.50
-65.25	
-63.00
-57.75	
-55.50
-50.50	
-47.75
-43.00
-40.50
-35.50
-33.00
-27.75
-22.75	
-20.50
-17.75
-12.75
-10.25
-5.25
-2.75
2.50
5.00
10.00
12.50
17.50
20.25
25.25
27.50
32.75
35.00
40.25
45.25	
47.75
52.75	
55.25
60.50	
63.00
68.00	
70.50
75.50
77.75
83.00
85.50
90.75
95.50	
98.25
98.25	
95.75
90.50	
88.25
83.00	
80.75
75.75
73.00
68.00
65.50
60.50
58.00
53.00
50.50
48.25
43.00
38.25	
35.75
30.75	
28.25
23.25
20.75
15.50
13.25
8.25
3.25	
0.75
-4.50	
-6.75
-11.75	
-14.25
-19.25	
-21.75
-26.75
-29.25
-34.25
-36.75
-41.75
-44.50
-49.25
-51.75
-57.00
-59.50
-64.50
-66.75
-72.00
-74.25
-79.25
-82.00
-87.00
-89.50
-94.50
-97.00
-102.00
-97.00	
-94.75
-89.50	
-87.25
-82.00	
-79.50
-74.75	
-72.00
-67.25	
-64.75
-59.75	
-57.25
-52.50
-50.00
-44.75
-40.00	
-37.50
-32.50	
-30.00
-24.75	
-22.25
-19.75
-14.75
-12.25
-7.25
-4.50
0.25
2.75
7.75
12.50	
15.25
20.00	
22.50
27.75	
30.25
35.50
37.75
42.75	
45.25
50.25
53.00
57.75
62.75	
65.25
67.75
72.75
77.75	
80.00
85.25	
87.75
93.00	
95.50
100.25	
97.50
92.50
90.00
